"Drag Convergence"
"Iterations" "cd"
50     5.58191e-02
51     5.57913e-02
52     5.57703e-02
53     5.57484e-02
54     5.57325e-02
55     5.57159e-02
56     5.57059e-02
57     5.56964e-02
58     5.56935e-02
59     5.56866e-02
60     5.56815e-02
61     5.56770e-02
62     5.56744e-02
63     5.56692e-02
64     5.56687e-02
65     5.56656e-02
66     5.56651e-02
67     5.56632e-02
68     5.56637e-02
69     5.56622e-02
70     5.56636e-02
71     5.56616e-02
72     5.56623e-02
73     5.56608e-02
74     5.56607e-02
75     5.56573e-02
76     5.56579e-02
77     5.56553e-02
78     5.56549e-02
79     5.56529e-02
80     5.56524e-02
81     5.56486e-02
82     5.56481e-02
83     5.56440e-02
84     5.56419e-02
85     5.56384e-02
86     5.56365e-02
87     5.56315e-02
88     5.56301e-02
89     5.56251e-02
90     5.56223e-02
91     5.56180e-02
92     5.56159e-02
93     5.56111e-02
94     5.56103e-02
