"Lift Convergence"
"Iterations" "cl"
50     3.78788e-01
51     3.78867e-01
52     3.78907e-01
53     3.78888e-01
54     3.78839e-01
55     3.78723e-01
56     3.78609e-01
57     3.78503e-01
58     3.78418e-01
59     3.78302e-01
60     3.78143e-01
61     3.78008e-01
62     3.77876e-01
63     3.77743e-01
64     3.77637e-01
65     3.77543e-01
66     3.77446e-01
67     3.77372e-01
68     3.77306e-01
69     3.77248e-01
70     3.77198e-01
71     3.77144e-01
72     3.77086e-01
73     3.77042e-01
74     3.76995e-01
75     3.76934e-01
76     3.76890e-01
77     3.76845e-01
78     3.76788e-01
79     3.76745e-01
80     3.76697e-01
81     3.76634e-01
82     3.76585e-01
83     3.76536e-01
84     3.76473e-01
85     3.76428e-01
86     3.76379e-01
87     3.76318e-01
88     3.76270e-01
89     3.76223e-01
90     3.76163e-01
91     3.76125e-01
92     3.76088e-01
93     3.76045e-01
94     3.76021e-01
