"Moment Convergence"
"Iterations" "cm"
50     -2.10707e-03
51     -2.07149e-03
52     -2.06184e-03
53     -2.08258e-03
54     -2.12274e-03
55     -2.16910e-03
56     -2.21843e-03
57     -2.26805e-03
58     -2.30243e-03
59     -2.33758e-03
60     -2.37906e-03
61     -2.40259e-03
62     -2.42361e-03
63     -2.44299e-03
64     -2.44465e-03
65     -2.43711e-03
66     -2.43042e-03
67     -2.41168e-03
68     -2.39291e-03
69     -2.37650e-03
70     -2.35370e-03
71     -2.33343e-03
72     -2.32069e-03
73     -2.30460e-03
74     -2.29518e-03
75     -2.29574e-03
76     -2.28867e-03
77     -2.28516e-03
78     -2.28861e-03
79     -2.28468e-03
80     -2.28535e-03
81     -2.29391e-03
82     -2.29593e-03
83     -2.30074e-03
84     -2.31307e-03
85     -2.31686e-03
86     -2.32376e-03
87     -2.33701e-03
88     -2.34297e-03
89     -2.35117e-03
90     -2.36583e-03
91     -2.37087e-03
92     -2.37743e-03
93     -2.38790e-03
94     -2.38888e-03
